  0 35 -2 1439.7
  0 35  0 1449.1
  0 35  2 1458.1
  0 35  4 1466.6
  0 35  7 1478.7
  0 35 10 1489.8
  0 35 13 1500.2
  0 35 16 1509.8
  0 35 19 1518.7
  0 35 22 1526.8
  0 35 25 1534.4
  0 35 28 1541.3
  0 35 31 1547.6
100 35 -2 1456.1  
100 35  0 1465.5
100 35  2 1474.5 
100 35  4 1483.1
100 35  7 1495.1
100 35 10 1506.3
100 35 13 1516.7
100 35 16 1526.4
100 35 19 1535.3 
200 35 -2 1472.8  
200 35  0 1482.3
200 35  2 1491.2 
200 35  4 1499.8
200 35  7 1511.8
300 35 -2 1489.9  
300 35  0 1499.3
300 35  2 1508.2 
300 35  4 1516.6 
400 35 -2 1507.2  
400 35  0 1516.5
400 35  2 1525.3 
400 35  4 1533.7 
500 35 -2 1524.8
500 35  0 1534.0 
500 35  2 1542.7 
600 35 -2 1542.6
600 35  0 1551.6 
600 35  2 1560.2

